{
  "nbformat": 4,
  "nbformat_minor": 0,
  "metadata": {
    "colab": {
      "name": "Assignment2.ipynb",
      "provenance": [],
      "collapsed_sections": [
        "BFPJWfrlJUnG",
        "_X7_6z6kJRG4",
        "zEhpPb0jw81G",
        "7B_bSmHBLyDA",
        "kZa1unzFWIlp"
      ]
    },
    "kernelspec": {
      "display_name": "Python 3",
      "name": "python3"
    },
    "language_info": {
      "name": "python"
    }
  },
  "cells": [
    {
      "cell_type": "code",
      "metadata": {
        "colab": {
          "base_uri": "https://localhost:8080/"
        },
        "id": "gWAyNGeigyMO",
        "outputId": "fd12c110-3dcc-4df7-e3dd-176badd5c749"
      },
      "source": [
        "from google.colab import drive\n",
        "drive.mount('/content/drive')"
      ],
      "execution_count": null,
      "outputs": [
        {
          "output_type": "stream",
          "name": "stdout",
          "text": [
            "Mounted at /content/drive\n"
          ]
        }
      ]
    },
    {
      "cell_type": "code",
      "metadata": {
        "id": "HCROXBlHgake"
      },
      "source": [
        "import pandas as pd\n",
        "import numpy as np"
      ],
      "execution_count": null,
      "outputs": []
    },
    {
      "cell_type": "markdown",
      "metadata": {
        "id": "Q2yx3LUq4S9D"
      },
      "source": [
        "# 1 Linear Classification and Nearest Neighbor Classification"
      ]
    },
    {
      "cell_type": "markdown",
      "metadata": {
        "id": "BFPJWfrlJUnG"
      },
      "source": [
        "#1.1"
      ]
    },
    {
      "cell_type": "code",
      "metadata": {
        "id": "MmMS8Nm9ghlD"
      },
      "source": [
        "cov_df = pd.read_csv('/content/drive/MyDrive/Automn 2021/Machin Learning/Assignment2/hwk2_datasets (1)/DS1_Cov.txt',delimiter = \",\", header=None)\n",
        "mu_0=pd.read_csv('/content/drive/MyDrive/Automn 2021/Machin Learning/Assignment2/hwk2_datasets (1)/DS1_m_0.txt',delimiter = \",\", header=None)\n",
        "mu_1=pd.read_csv('/content/drive/MyDrive/Automn 2021/Machin Learning/Assignment2/hwk2_datasets (1)/DS1_m_1.txt',delimiter = \",\", header=None)\n",
        "#because of an extra \",\" at the end of each row there is NaN column at the parameters df\n",
        "cov_df=cov_df.drop([20], axis=1)\n",
        "mu_0=mu_0.drop([20], axis=1)\n",
        "mu_1=mu_1.drop([20], axis=1)\n",
        "mu_0=np.transpose((mu_0.to_numpy())[0])\n",
        "mu_1=np.transpose((mu_1.to_numpy())[0])"
      ],
      "execution_count": null,
      "outputs": []
    },
    {
      "cell_type": "code",
      "metadata": {
        "id": "swUlS8PnjxIB"
      },
      "source": [
        "n=2000\n",
        "np.random.seed(0)\n",
        "DS1_c2=np.concatenate((np.round(np.random.multivariate_normal(mu_0,cov_df,n),2),np.zeros((n,1), dtype=int)), axis=1)\n",
        "DS1_c1=np.concatenate((np.round(np.random.multivariate_normal(mu_1,cov_df,n),2),np.ones((n,1), dtype=int)), axis=1)\n",
        "DS1_c2[:,-1:]=-1\n",
        "DS1=np.concatenate((DS1_c1,DS1_c2), axis=0)\n",
        "DS1_df=pd.DataFrame(data=DS1)\n"
      ],
      "execution_count": null,
      "outputs": []
    },
    {
      "cell_type": "code",
      "metadata": {
        "id": "pmCO1YkaHLW7"
      },
      "source": [
        "np.savetxt('/content/drive/MyDrive/Automn 2021/Machin Learning/Assignment2/Assignment2_2078921_1_1.txt', DS1_df, delimiter=',', fmt='%10.2f')"
      ],
      "execution_count": null,
      "outputs": []
    },
    {
      "cell_type": "code",
      "metadata": {
        "id": "KtgiCPENL3Uq"
      },
      "source": [
        "#shuffling the dataset and then dividing the dataset into 3 chunks\n",
        "np.random.shuffle(DS1_c2)\n",
        "np.random.shuffle(DS1_c1)\n",
        "DS1_c1_tr=DS1_c1[:int(len(DS1_c1)*0.6),:]\n",
        "DS1_c2_tr=DS1_c2[:int(len(DS1_c2)*0.6),:]\n",
        "DS1_c1_val=DS1_c1[int(len(DS1_c1)*0.6):int(len(DS1_c1)*0.8),:]\n",
        "DS1_c2_val=DS1_c2[int(len(DS1_c2)*0.6):int(len(DS1_c2)*0.8),:]\n",
        "DS1_c1_test=DS1_c1[int(len(DS1_c1)*0.8):,:]\n",
        "DS1_c2_test=DS1_c2[int(len(DS1_c2)*0.8):,:]"
      ],
      "execution_count": null,
      "outputs": []
    },
    {
      "cell_type": "code",
      "metadata": {
        "id": "oIdPqRih5MyB"
      },
      "source": [
        "#randomly selecting training-validation-test, but it is not exactly 60-20-20\n",
        "# training = np.random.rand(len(DS_m1))<= 0.6\n",
        "# DS_m1_tr=DS_m1[training]\n",
        "# DS_m0_tr=DS_m0[training]\n",
        "\n",
        "# DS_m1_val_test=DS_m1[~training]\n",
        "# DS_m0_val_test=DS_m0[~training]\n",
        "\n",
        "# valid=np.random.rand(len(DS_m0_val_test))<= 0.5\n",
        "# DS_m1_valid=DS_m1_val_test[valid]\n",
        "# DS_m0_valid=DS_m0_val_test[valid]\n",
        "\n",
        "# DS_m1_test=DS_m1_val_test[~valid]\n",
        "# DS_m0_test=DS_m0_val_test[~valid]"
      ],
      "execution_count": null,
      "outputs": []
    },
    {
      "cell_type": "markdown",
      "metadata": {
        "id": "_X7_6z6kJRG4"
      },
      "source": [
        "#1.2"
      ]
    },
    {
      "cell_type": "code",
      "metadata": {
        "id": "TrXKcyRPCVK3"
      },
      "source": [
        "DS1_train=np.concatenate((DS1_c1_tr,DS1_c2_tr), axis=0)[:,:-1]\n",
        "DS1_valid=np.concatenate((DS1_c1_val,DS1_c2_val), axis=0)[:,:-1]\n",
        "\n",
        "cov_DS1_train=np.cov(np.transpose(DS1_train))\n",
        "# DS1_c1_tr_gda=np.concatenate((DS1_c1_tr,DS1_c1_val), axis=0)\n",
        "# DS1_c2_tr_gda=np.concatenate((DS1_c2_tr,DS1_c2_val), axis=0)\n",
        "\n",
        "mu_DS1_c1_tr=np.mean(DS1_c1_tr[:,:-1], axis=0)\n",
        "mu_DS1_c2_tr=np.mean(DS1_c2_tr[:,:-1], axis=0)\n",
        "\n",
        "Prob_c1=len(DS1_c2_tr)/(len(DS1_train))\n",
        "Prob_c2=len(DS1_c2_tr)/(len(DS1_train))"
      ],
      "execution_count": null,
      "outputs": []
    },
    {
      "cell_type": "code",
      "metadata": {
        "colab": {
          "base_uri": "https://localhost:8080/"
        },
        "id": "Jcvi9JWuHXY5",
        "outputId": "aae942bc-1121-4f72-f276-71871d314427"
      },
      "source": [
        "print (f'mean of class positive {mu_DS1_c1_tr}\\n mean of class negative {mu_DS1_c2_tr} \\n covariance matrix {cov_DS1_train}')"
      ],
      "execution_count": null,
      "outputs": [
        {
          "output_type": "stream",
          "name": "stdout",
          "text": [
            "mean of class positive [1.93875    2.04035    2.00395    1.93206667 1.9824     2.01680833\n",
            " 2.0212     1.95595    2.04913333 2.06225    2.00556667 1.99544167\n",
            " 2.00844167 1.96396667 1.98204167 1.95531667 2.02836667 2.00045833\n",
            " 2.01590833 1.94638333]\n",
            " mean of class negative [1.35223333 1.36829167 1.35174167 1.37280833 1.372775   1.38801667\n",
            " 1.33726667 1.331      1.36421667 1.34664167 1.32645    1.36801667\n",
            " 1.39523333 1.35215833 1.39885833 1.40824167 1.3705     1.32318333\n",
            " 1.35100833 1.43431667] \n",
            " covariance matrix [[7.72789246 5.42224429 6.13347836 5.04397802 5.7826346  6.07908704\n",
            "  4.61792218 5.36096565 4.78209151 4.9972451  3.86842885 5.11065223\n",
            "  6.82787198 5.770955   5.97304738 5.77250661 5.74430236 5.40293893\n",
            "  5.46670363 5.65424118]\n",
            " [5.42224429 6.72138528 5.33060056 4.19334511 5.33776762 5.53267315\n",
            "  4.30874912 3.94438777 3.99519787 4.81316511 3.26292643 4.53179665\n",
            "  5.69674058 4.91615227 5.28744291 4.93759335 5.5387463  4.87635486\n",
            "  5.27720156 4.99924922]\n",
            " [6.13347836 5.33060056 7.19948944 4.70956365 5.69835874 6.5486769\n",
            "  4.60014049 4.81952291 4.69677958 4.90102455 3.2409671  4.61279222\n",
            "  6.17351713 5.04427227 5.95299859 5.72948754 6.11738894 4.81346853\n",
            "  4.73865297 4.81342931]\n",
            " [5.04397802 4.19334511 4.70956365 5.6377931  5.19212831 4.36647219\n",
            "  3.68814284 4.33648923 3.21031107 4.04435364 2.704153   4.09450199\n",
            "  5.66265913 4.65807917 4.64762925 4.88592472 4.51101714 4.36850056\n",
            "  3.87370186 5.57537693]\n",
            " [5.7826346  5.33776762 5.69835874 5.19212831 6.93410652 5.33142896\n",
            "  4.99330403 4.41709526 4.42144312 4.9115896  4.01087624 4.95992722\n",
            "  6.06206509 5.67178228 5.8196842  5.95544269 5.76997808 4.93865496\n",
            "  5.33375053 5.51585812]\n",
            " [6.07908704 5.53267315 6.5486769  4.36647219 5.33142896 6.73605883\n",
            "  4.48811748 4.90844272 4.6097119  5.17277072 2.95350326 4.76190295\n",
            "  6.18426288 4.8484938  5.70657178 5.80995719 5.861227   4.78104846\n",
            "  4.81145739 4.94062696]\n",
            " [4.61792218 4.30874912 4.60014049 3.68814284 4.99330403 4.48811748\n",
            "  5.24906794 3.98624064 3.86226539 4.27255914 2.96497618 4.39409207\n",
            "  4.63463722 4.07422928 4.63378196 5.17634738 4.28223279 3.56036042\n",
            "  4.66378865 3.75374883]\n",
            " [5.36096565 3.94438777 4.81952291 4.33648923 4.41709526 4.90844272\n",
            "  3.98624064 6.01593023 3.52323657 4.82678367 2.5314719  4.84920437\n",
            "  6.01239924 5.10258977 4.90183595 6.14783946 4.49299622 4.76223915\n",
            "  4.82964942 4.34149199]\n",
            " [4.78209151 3.99519787 4.69677958 3.21031107 4.42144312 4.6097119\n",
            "  3.86226539 3.52323657 4.70968064 4.41601483 2.98813728 3.95409054\n",
            "  4.81700011 4.36497726 4.68810692 4.94335823 4.89589349 3.84231389\n",
            "  4.0820461  3.79338332]\n",
            " [4.9972451  4.81316511 4.90102455 4.04435364 4.9115896  5.17277072\n",
            "  4.27255914 4.82678367 4.41601483 6.83524655 3.15331992 4.57331895\n",
            "  6.55998945 4.91566643 4.80659879 5.6966514  4.52273833 4.99001862\n",
            "  4.38568424 5.04211933]\n",
            " [3.86842885 3.26292643 3.2409671  2.704153   4.01087624 2.95350326\n",
            "  2.96497618 2.5314719  2.98813728 3.15331992 3.30940248 2.85596681\n",
            "  3.6121707  3.75027659 3.49002593 3.49735141 3.54776193 3.05231782\n",
            "  3.64959755 3.33397297]\n",
            " [5.11065223 4.53179665 4.61279222 4.09450199 4.95992722 4.76190295\n",
            "  4.39409207 4.84920437 3.95409054 4.57331895 2.85596681 5.20334936\n",
            "  5.78212571 4.86423261 4.7359334  5.47538433 4.9544054  4.66098439\n",
            "  4.98297334 4.28749181]\n",
            " [6.82787198 5.69674058 6.17351713 5.66265913 6.06206509 6.18426288\n",
            "  4.63463722 6.01239924 4.81700011 6.55998945 3.6121707  5.78212571\n",
            "  8.66015523 6.01793624 6.03714894 6.28173162 5.74631755 5.9939172\n",
            "  5.69495396 6.91456814]\n",
            " [5.770955   4.91615227 5.04427227 4.65807917 5.67178228 4.8484938\n",
            "  4.07422928 5.10258977 4.36497726 4.91566643 3.75027659 4.86423261\n",
            "  6.01793624 6.54521513 5.66492117 6.01936714 5.47593062 5.29984997\n",
            "  5.68221733 5.19798396]\n",
            " [5.97304738 5.28744291 5.95299859 4.64762925 5.8196842  5.70657178\n",
            "  4.63378196 4.90183595 4.68810692 4.80659879 3.49002593 4.7359334\n",
            "  6.03714894 5.66492117 6.78302614 6.94265035 5.6624607  4.91391202\n",
            "  5.38841403 5.45241864]\n",
            " [5.77250661 4.93759335 5.72948754 4.88592472 5.95544269 5.80995719\n",
            "  5.17634738 6.14783946 4.94335823 5.6966514  3.49735141 5.47538433\n",
            "  6.28173162 6.01936714 6.94265035 9.08248299 5.67190263 5.57299476\n",
            "  5.56339459 5.56209746]\n",
            " [5.74430236 5.5387463  6.11738894 4.51101714 5.76997808 5.861227\n",
            "  4.28223279 4.49299622 4.89589349 4.52273833 3.54776193 4.9544054\n",
            "  5.74631755 5.47593062 5.6624607  5.67190263 6.60751706 4.97772863\n",
            "  5.26110805 4.66767089]\n",
            " [5.40293893 4.87635486 4.81346853 4.36850056 4.93865496 4.78104846\n",
            "  3.56036042 4.76223915 3.84231389 4.99001862 3.05231782 4.66098439\n",
            "  5.9939172  5.29984997 4.91391202 5.57299476 4.97772863 5.5815292\n",
            "  4.63018203 4.80884705]\n",
            " [5.46670363 5.27720156 4.73865297 3.87370186 5.33375053 4.81145739\n",
            "  4.66378865 4.82964942 4.0820461  4.38568424 3.64959755 4.98297334\n",
            "  5.69495396 5.68221733 5.38841403 5.56339459 5.26110805 4.63018203\n",
            "  6.26766632 4.69581996]\n",
            " [5.65424118 4.99924922 4.81342931 5.57537693 5.51585812 4.94062696\n",
            "  3.75374883 4.34149199 3.79338332 5.04211933 3.33397297 4.28749181\n",
            "  6.91456814 5.19798396 5.45241864 5.56209746 4.66767089 4.80884705\n",
            "  4.69581996 7.60991751]]\n"
          ]
        }
      ]
    },
    {
      "cell_type": "code",
      "metadata": {
        "id": "hDWTz3QNHHdi"
      },
      "source": [
        "#p(c1)=p(c2)\n",
        "w1=np.dot(np.linalg.inv(cov_DS1_train),(mu_DS1_c1_tr-mu_DS1_c2_tr))\n",
        "w0=-0.5*(np.dot(np.transpose(mu_DS1_c1_tr),np.dot(np.linalg.inv(cov_DS1_train),mu_DS1_c1_tr))-np.dot(np.transpose(mu_DS1_c2_tr),np.dot(np.linalg.inv(cov_DS1_train),mu_DS1_c2_tr)))+np.log(Prob_c1/Prob_c2)"
      ],
      "execution_count": null,
      "outputs": []
    },
    {
      "cell_type": "code",
      "metadata": {
        "colab": {
          "base_uri": "https://localhost:8080/"
        },
        "id": "-6p9NWZUQjz2",
        "outputId": "601b678a-0631-4390-c7a1-79af11844118"
      },
      "source": [
        "print('w0= ',w0)\n",
        "print ('w1= ',np.transpose(w1))\n"
      ],
      "execution_count": null,
      "outputs": [
        {
          "output_type": "stream",
          "name": "stdout",
          "text": [
            "w0=  -6.9722202565911875\n",
            "w1=  [-3.69749872  2.18216556  1.39425693  0.70682934  2.47344432  1.02142894\n",
            " -4.19249754  6.22372425  7.37054204 -2.32458815  3.33191497  3.08292706\n",
            " -3.97772234 -3.26423599  1.50023968 -3.39030468 -7.33865042  1.74979988\n",
            "  0.03420584  1.33356581]\n"
          ]
        }
      ]
    },
    {
      "cell_type": "code",
      "metadata": {
        "id": "Il0MpLf5MQks"
      },
      "source": [
        "def sigmoid(x):\n",
        "  return 1/(1+np.exp(-x))"
      ],
      "execution_count": null,
      "outputs": []
    },
    {
      "cell_type": "code",
      "metadata": {
        "id": "oMLB4EsH1sfi"
      },
      "source": [
        "DS1_valid_class=np.transpose(np.concatenate((DS1_c1_val,DS1_c2_val), axis=0)[:,-1:])[0]"
      ],
      "execution_count": null,
      "outputs": []
    },
    {
      "cell_type": "code",
      "metadata": {
        "id": "lDE-_6gX2CZI"
      },
      "source": [
        "P_c1_valid=sigmoid(w0+np.dot(DS1_valid,w1))"
      ],
      "execution_count": null,
      "outputs": []
    },
    {
      "cell_type": "code",
      "metadata": {
        "id": "9IJt0lpZ2X6F"
      },
      "source": [
        "P_c1_valid = np.where(P_c1_valid > 0.5, 1, P_c1_valid)\n",
        "P_c1_valid = np.where(P_c1_valid < 0.5, -1, P_c1_valid)"
      ],
      "execution_count": null,
      "outputs": []
    },
    {
      "cell_type": "code",
      "metadata": {
        "colab": {
          "base_uri": "https://localhost:8080/"
        },
        "id": "Yq12UE942lpi",
        "outputId": "85a915a7-fb3b-4140-d966-8aa80cbbbc81"
      },
      "source": [
        "TP_neg_valid=np.sum((P_c1_valid==-1) & (DS1_valid_class== -1))\n",
        "TN_neg_valid=np.sum((P_c1_valid!=-1) & (DS1_valid_class!= -1))\n",
        "FP_neg_valid=np.sum((P_c1_valid==-1) & (DS1_valid_class!= -1))\n",
        "FN_neg_valid=np.sum((P_c1_valid!=-1) & (DS1_valid_class== -1))\n",
        "\n",
        "TP_pos_valid=np.sum((P_c1_valid==1) & (DS1_valid_class== 1))\n",
        "TN_pos_valid=np.sum((P_c1_valid!=1) & (DS1_valid_class!= 1))\n",
        "FP_pos_valid=np.sum((P_c1_valid==1) & (DS1_valid_class!= 1))\n",
        "FN_pos_valid=np.sum((P_c1_valid!=1) & (DS1_valid_class== 1))\n",
        "\n",
        "Accuracy_pos_valid=(TP_pos_valid+TN_pos_valid)/(TP_pos_valid+TN_pos_valid+FP_pos_valid+FN_pos_valid)\n",
        "\n",
        "Accuracy_neg_valid=(TP_neg_valid+TN_neg_valid)/(TP_neg_valid+TN_neg_valid+FP_neg_valid+FN_neg_valid)\n",
        "\n",
        "\n",
        "print ('True Positive of positive class:',TP_pos_valid)\n",
        "print ('True Negative of positive class:',TN_pos_valid)\n",
        "print ('False Positive of positive class:',FP_pos_valid)\n",
        "print ('False Negative of positive class:',FN_pos_valid)\n",
        "print ('True Positive of negative class:',TP_neg_valid)\n",
        "print ('True Negative of negative class:',TN_neg_valid)\n",
        "print ('False Positive of negative class:',FP_neg_valid)\n",
        "print ('False Negative of negative class:',FN_neg_valid)\n",
        "\n",
        "print('Accuracy of Negative class:',Accuracy_neg_valid)\n",
        "\n",
        "print('Accuracy of Positive class:',Accuracy_pos_valid)"
      ],
      "execution_count": null,
      "outputs": [
        {
          "output_type": "stream",
          "name": "stdout",
          "text": [
            "True Positive of positive class: 386\n",
            "True Negative of positive class: 378\n",
            "False Positive of positive class: 22\n",
            "False Negative of positive class: 14\n",
            "True Positive of negative class: 378\n",
            "True Negative of negative class: 386\n",
            "False Positive of negative class: 14\n",
            "False Negative of negative class: 22\n",
            "Accuracy of Negative class: 0.955\n",
            "Accuracy of Positive class: 0.955\n"
          ]
        }
      ]
    },
    {
      "cell_type": "code",
      "metadata": {
        "id": "xg7G_H6TPxji"
      },
      "source": [
        "DS1_test=np.concatenate((DS1_c1_test,DS1_c2_test), axis=0)[:,:-1]\n",
        "P_c1=sigmoid(w0+np.dot(DS1_test,w1))"
      ],
      "execution_count": null,
      "outputs": []
    },
    {
      "cell_type": "code",
      "metadata": {
        "colab": {
          "base_uri": "https://localhost:8080/"
        },
        "id": "VcY-6KcD44r5",
        "outputId": "061b77b2-2f0b-4f92-8c6d-10848691eb6f"
      },
      "source": [
        "DS1_test.shape"
      ],
      "execution_count": null,
      "outputs": [
        {
          "output_type": "execute_result",
          "data": {
            "text/plain": [
              "(800, 20)"
            ]
          },
          "metadata": {},
          "execution_count": 161
        }
      ]
    },
    {
      "cell_type": "code",
      "metadata": {
        "id": "fz_y6FbURmil"
      },
      "source": [
        "P_c1 = np.where(P_c1 > 0.5, 1, P_c1)\n",
        "P_c1 = np.where(P_c1 < 0.5, -1, P_c1)\n"
      ],
      "execution_count": null,
      "outputs": []
    },
    {
      "cell_type": "code",
      "metadata": {
        "id": "XLHRkNpFS7L8"
      },
      "source": [
        "DS1_test_class=np.transpose(np.concatenate((DS1_c1_test,DS1_c2_test), axis=0)[:,-1:])[0]"
      ],
      "execution_count": null,
      "outputs": []
    },
    {
      "cell_type": "code",
      "metadata": {
        "colab": {
          "base_uri": "https://localhost:8080/"
        },
        "id": "MEuNs3Ihf8C-",
        "outputId": "a4501e70-7b74-4bfc-c65f-52bf0ea3a72f"
      },
      "source": [
        "TP_neg=np.sum((P_c1==-1) & (DS1_test_class== -1))\n",
        "TN_neg=np.sum((P_c1!=-1) & (DS1_test_class!= -1))\n",
        "FP_neg=np.sum((P_c1==-1) & (DS1_test_class!= -1))\n",
        "FN_neg=np.sum((P_c1!=-1) & (DS1_test_class== -1))\n",
        "\n",
        "TP_pos=np.sum((P_c1==1) & (DS1_test_class== 1))\n",
        "TN_pos=np.sum((P_c1!=1) & (DS1_test_class!= 1))\n",
        "FP_pos=np.sum((P_c1==1) & (DS1_test_class!= 1))\n",
        "FN_pos=np.sum((P_c1!=1) & (DS1_test_class== 1))\n",
        "\n",
        "Accuracy_pos=(TP_pos+TN_pos)/(TP_pos+TN_pos+FP_pos+FN_pos)\n",
        "\n",
        "Accuracy_neg=(TP_neg+TN_neg)/(TP_neg+TN_neg+FP_neg+FN_neg)\n",
        "\n",
        "\n",
        "print ('True Positive of positive class:',TP_pos)\n",
        "# print ('True Positive of both classes:',(np.sum(DS1_test_class == P_c1)))\n",
        "print ('True Negative of positive class:',TN_pos)\n",
        "print ('False Positive of positive class:',FP_pos)\n",
        "print ('False Negative of positive class:',FN_pos)\n",
        "print ('True Positive of negative class:',TP_neg)\n",
        "print ('True Negative of negative class:',TN_neg)\n",
        "print ('False Positive of negative class:',FP_neg)\n",
        "print ('False Negative of negative class:',FN_neg)\n",
        "\n",
        "print('Accuracy of Negative class:',Accuracy_neg)\n",
        "\n",
        "print('Accuracy of Positive class:',Accuracy_pos)\n"
      ],
      "execution_count": null,
      "outputs": [
        {
          "output_type": "stream",
          "name": "stdout",
          "text": [
            "True Positive of positive class: 369\n",
            "True Negative of positive class: 386\n",
            "False Positive of positive class: 14\n",
            "False Negative of positive class: 31\n",
            "True Positive of negative class: 386\n",
            "True Negative of negative class: 369\n",
            "False Positive of negative class: 31\n",
            "False Negative of negative class: 14\n",
            "Accuracy of Negative class: 0.94375\n",
            "Accuracy of Positive class: 0.94375\n"
          ]
        }
      ]
    },
    {
      "cell_type": "markdown",
      "metadata": {
        "id": "zEhpPb0jw81G"
      },
      "source": [
        "#1.3"
      ]
    },
    {
      "cell_type": "code",
      "metadata": {
        "id": "utvzrj_HmKM0"
      },
      "source": [
        "import tqdm\n",
        "from numba import jit, prange, objmode\n",
        "\n",
        "@jit(nopython=True)\n",
        "def euclidien_dist(vec1,train_set):\n",
        "    dist_list=[]\n",
        "    for i in range(len(train_set)):\n",
        "      dist = np.linalg.norm(vec1[0]-train_set[i:i+1,:][0])\n",
        "      dist_list.append(dist)\n",
        "    return (dist_list)"
      ],
      "execution_count": null,
      "outputs": []
    },
    {
      "cell_type": "code",
      "metadata": {
        "id": "0-UXihOh1MDI"
      },
      "source": [
        "def K_NN(vec1,train_set,k):\n",
        "  dist_list=np.array(euclidien_dist(vec1,train_set[:,:-1]))\n",
        "  k_neighbors_index=np.argsort(dist_list, axis=0)[:k]\n",
        "  c=np.mean(train_set[k_neighbors_index][:,-1:])\n",
        "  if c>0:\n",
        "    return 1\n",
        "  if c<=0:\n",
        "    return -1\n",
        "  "
      ],
      "execution_count": null,
      "outputs": []
    },
    {
      "cell_type": "code",
      "metadata": {
        "id": "PAzILV3K3jGc"
      },
      "source": [
        "DS1_train_knn=np.concatenate((DS1_c1_tr,DS1_c2_tr), axis=0)\n",
        "DS1_valid_knn=np.concatenate((DS1_c1_val,DS1_c2_val), axis=0)\n",
        "DS1_valid_knn_class=np.transpose((np.concatenate((DS1_c1_val,DS1_c2_val), axis=0)[:,-1:]))[0]\n",
        "DS1_test_knn=np.concatenate((DS1_c1_test,DS1_c2_test), axis=0)\n",
        "DS1_test_knn_class=np.transpose((np.concatenate((DS1_c1_test,DS1_c2_test), axis=0)[:,-1:]))[0]\n",
        "# DS1_train_knn_total=np.concatenate((DS1_train_knn,DS1_valid_knn), axis=0)"
      ],
      "execution_count": null,
      "outputs": []
    },
    {
      "cell_type": "code",
      "metadata": {
        "colab": {
          "base_uri": "https://localhost:8080/"
        },
        "id": "a9-zUyYG40pI",
        "outputId": "289e2e23-5ae3-4ac8-bb3f-96df5b52aff2"
      },
      "source": [
        "import tqdm\n",
        "classing={}\n",
        "\n",
        "# metric_neg={'TP':0,'TN':0,'FP':0,'FN':0}\n",
        "for k in tqdm.tqdm(range(1,50)):\n",
        "  metric_pos={'TP':0,'TN':0,'FP':0,'FN':0}\n",
        "  c_list=[]\n",
        "  for j in range(len(DS1_valid_knn)):\n",
        "    # dist_list=euclidien_dist(DS1_valid_knn[j:j+1,:],DS1_train_knn[:,:-1])\n",
        "    c=K_NN(DS1_valid_knn[j:j+1,:-1],DS1_train_knn,k)\n",
        "    c_list.append(c)\n",
        "    if c==DS1_valid_knn_class[j]==1:\n",
        "      metric_pos['TP']+=1\n",
        "    elif c!=DS1_valid_knn_class[j]==1:\n",
        "      metric_pos['FN']+=1\n",
        "    elif DS1_valid_knn_class[j]!=c==1:\n",
        "      metric_pos['FP']+=1\n",
        "    elif c==DS1_valid_knn_class[j]!=1:\n",
        "      metric_pos['TN']+=1\n",
        "    \n",
        "  classing[k]=metric_pos"
      ],
      "execution_count": null,
      "outputs": [
        {
          "output_type": "stream",
          "name": "stderr",
          "text": [
            "100%|██████████| 49/49 [00:55<00:00,  1.12s/it]\n"
          ]
        }
      ]
    },
    {
      "cell_type": "code",
      "metadata": {
        "colab": {
          "base_uri": "https://localhost:8080/"
        },
        "id": "XUdhlujCv8bv",
        "outputId": "cdfa4eb8-75e8-47eb-ddb5-74500b77732c"
      },
      "source": [
        "classing"
      ],
      "execution_count": null,
      "outputs": [
        {
          "output_type": "execute_result",
          "data": {
            "text/plain": [
              "{1: {'FN': 198, 'FP': 185, 'TN': 215, 'TP': 202},\n",
              " 2: {'FN': 295, 'FP': 87, 'TN': 313, 'TP': 105},\n",
              " 3: {'FN': 192, 'FP': 186, 'TN': 214, 'TP': 208},\n",
              " 4: {'FN': 263, 'FP': 118, 'TN': 282, 'TP': 137},\n",
              " 5: {'FN': 177, 'FP': 192, 'TN': 208, 'TP': 223},\n",
              " 6: {'FN': 236, 'FP': 129, 'TN': 271, 'TP': 164},\n",
              " 7: {'FN': 185, 'FP': 183, 'TN': 217, 'TP': 215},\n",
              " 8: {'FN': 239, 'FP': 137, 'TN': 263, 'TP': 161},\n",
              " 9: {'FN': 177, 'FP': 191, 'TN': 209, 'TP': 223},\n",
              " 10: {'FN': 233, 'FP': 152, 'TN': 248, 'TP': 167},\n",
              " 11: {'FN': 177, 'FP': 188, 'TN': 212, 'TP': 223},\n",
              " 12: {'FN': 223, 'FP': 157, 'TN': 243, 'TP': 177},\n",
              " 13: {'FN': 172, 'FP': 196, 'TN': 204, 'TP': 228},\n",
              " 14: {'FN': 206, 'FP': 159, 'TN': 241, 'TP': 194},\n",
              " 15: {'FN': 171, 'FP': 198, 'TN': 202, 'TP': 229},\n",
              " 16: {'FN': 206, 'FP': 153, 'TN': 247, 'TP': 194},\n",
              " 17: {'FN': 174, 'FP': 191, 'TN': 209, 'TP': 226},\n",
              " 18: {'FN': 207, 'FP': 160, 'TN': 240, 'TP': 193},\n",
              " 19: {'FN': 174, 'FP': 193, 'TN': 207, 'TP': 226},\n",
              " 20: {'FN': 206, 'FP': 159, 'TN': 241, 'TP': 194},\n",
              " 21: {'FN': 163, 'FP': 191, 'TN': 209, 'TP': 237},\n",
              " 22: {'FN': 191, 'FP': 154, 'TN': 246, 'TP': 209},\n",
              " 23: {'FN': 163, 'FP': 185, 'TN': 215, 'TP': 237},\n",
              " 24: {'FN': 195, 'FP': 155, 'TN': 245, 'TP': 205},\n",
              " 25: {'FN': 162, 'FP': 182, 'TN': 218, 'TP': 238},\n",
              " 26: {'FN': 187, 'FP': 165, 'TN': 235, 'TP': 213},\n",
              " 27: {'FN': 162, 'FP': 186, 'TN': 214, 'TP': 238},\n",
              " 28: {'FN': 187, 'FP': 163, 'TN': 237, 'TP': 213},\n",
              " 29: {'FN': 158, 'FP': 183, 'TN': 217, 'TP': 242},\n",
              " 30: {'FN': 181, 'FP': 164, 'TN': 236, 'TP': 219},\n",
              " 31: {'FN': 161, 'FP': 190, 'TN': 210, 'TP': 239},\n",
              " 32: {'FN': 178, 'FP': 164, 'TN': 236, 'TP': 222},\n",
              " 33: {'FN': 161, 'FP': 187, 'TN': 213, 'TP': 239},\n",
              " 34: {'FN': 187, 'FP': 170, 'TN': 230, 'TP': 213},\n",
              " 35: {'FN': 163, 'FP': 189, 'TN': 211, 'TP': 237},\n",
              " 36: {'FN': 182, 'FP': 171, 'TN': 229, 'TP': 218},\n",
              " 37: {'FN': 158, 'FP': 189, 'TN': 211, 'TP': 242},\n",
              " 38: {'FN': 181, 'FP': 165, 'TN': 235, 'TP': 219},\n",
              " 39: {'FN': 164, 'FP': 185, 'TN': 215, 'TP': 236},\n",
              " 40: {'FN': 186, 'FP': 161, 'TN': 239, 'TP': 214},\n",
              " 41: {'FN': 168, 'FP': 181, 'TN': 219, 'TP': 232},\n",
              " 42: {'FN': 188, 'FP': 164, 'TN': 236, 'TP': 212},\n",
              " 43: {'FN': 170, 'FP': 182, 'TN': 218, 'TP': 230},\n",
              " 44: {'FN': 183, 'FP': 164, 'TN': 236, 'TP': 217},\n",
              " 45: {'FN': 167, 'FP': 181, 'TN': 219, 'TP': 233},\n",
              " 46: {'FN': 186, 'FP': 167, 'TN': 233, 'TP': 214},\n",
              " 47: {'FN': 176, 'FP': 182, 'TN': 218, 'TP': 224},\n",
              " 48: {'FN': 182, 'FP': 169, 'TN': 231, 'TP': 218},\n",
              " 49: {'FN': 165, 'FP': 184, 'TN': 216, 'TP': 235}}"
            ]
          },
          "metadata": {},
          "execution_count": 169
        }
      ]
    },
    {
      "cell_type": "code",
      "metadata": {
        "colab": {
          "base_uri": "https://localhost:8080/"
        },
        "id": "T8rd7ccuiQr5",
        "outputId": "c6f12588-f605-41f7-9bbf-7b7b53673844"
      },
      "source": [
        "accuracy={}\n",
        "precision={}\n",
        "recall={}\n",
        "for k,c in classing.items():\n",
        "  accuracy[k]=(c['TP']+c['TN'])/(c['TP']+c['TN']+c['FP']+c['FN'])\n",
        "  # precision[k]=(c['TP'])/(c['TP']+c['FP'])\n",
        "  # recall[k]=(c['TP'])/(c['TP']+c['FN'])\n",
        "\n",
        "\n",
        "print('Maximum accuracy obtained at K=',max(accuracy, key=accuracy.get))\n",
        "# print('Maximum precision obtained at K=',max(precision, key=precision.get))\n",
        "# print('Maximum recall obtained at K=',max(recall, key=recall.get))\n"
      ],
      "execution_count": null,
      "outputs": [
        {
          "output_type": "stream",
          "name": "stdout",
          "text": [
            "Maximum accuracy obtained at K= 29\n"
          ]
        }
      ]
    },
    {
      "cell_type": "code",
      "metadata": {
        "colab": {
          "base_uri": "https://localhost:8080/"
        },
        "id": "CCIpHDxrWJx_",
        "outputId": "bf1beb79-ae96-4035-c2e3-733f33729e27"
      },
      "source": [
        "accuracy"
      ],
      "execution_count": null,
      "outputs": [
        {
          "output_type": "execute_result",
          "data": {
            "text/plain": [
              "{1: 0.52125,\n",
              " 2: 0.5225,\n",
              " 3: 0.5275,\n",
              " 4: 0.52375,\n",
              " 5: 0.53875,\n",
              " 6: 0.54375,\n",
              " 7: 0.54,\n",
              " 8: 0.53,\n",
              " 9: 0.54,\n",
              " 10: 0.51875,\n",
              " 11: 0.54375,\n",
              " 12: 0.525,\n",
              " 13: 0.54,\n",
              " 14: 0.54375,\n",
              " 15: 0.53875,\n",
              " 16: 0.55125,\n",
              " 17: 0.54375,\n",
              " 18: 0.54125,\n",
              " 19: 0.54125,\n",
              " 20: 0.54375,\n",
              " 21: 0.5575,\n",
              " 22: 0.56875,\n",
              " 23: 0.565,\n",
              " 24: 0.5625,\n",
              " 25: 0.57,\n",
              " 26: 0.56,\n",
              " 27: 0.565,\n",
              " 28: 0.5625,\n",
              " 29: 0.57375,\n",
              " 30: 0.56875,\n",
              " 31: 0.56125,\n",
              " 32: 0.5725,\n",
              " 33: 0.565,\n",
              " 34: 0.55375,\n",
              " 35: 0.56,\n",
              " 36: 0.55875,\n",
              " 37: 0.56625,\n",
              " 38: 0.5675,\n",
              " 39: 0.56375,\n",
              " 40: 0.56625,\n",
              " 41: 0.56375,\n",
              " 42: 0.56,\n",
              " 43: 0.56,\n",
              " 44: 0.56625,\n",
              " 45: 0.565,\n",
              " 46: 0.55875,\n",
              " 47: 0.5525,\n",
              " 48: 0.56125,\n",
              " 49: 0.56375}"
            ]
          },
          "metadata": {},
          "execution_count": 171
        }
      ]
    },
    {
      "cell_type": "code",
      "metadata": {
        "colab": {
          "base_uri": "https://localhost:8080/"
        },
        "id": "R7v8lk6A-wBM",
        "outputId": "b6d586e2-77d2-420a-f5d5-9ea3fa5e2c29"
      },
      "source": [
        "max(accuracy, key=accuracy.get)"
      ],
      "execution_count": null,
      "outputs": [
        {
          "output_type": "execute_result",
          "data": {
            "text/plain": [
              "29"
            ]
          },
          "metadata": {},
          "execution_count": 173
        }
      ]
    },
    {
      "cell_type": "code",
      "metadata": {
        "id": "8rACSWGhrheg"
      },
      "source": [
        "k=max(accuracy, key=accuracy.get)\n",
        "metric_pos_test={'TP':0,'TN':0,'FP':0,'FN':0}\n",
        "for j in range(len(DS1_test_knn)):\n",
        "  # dist_list=euclidien_dist(DS1_valid_knn[j:j+1,:],DS1_train_knn[:,:-1])\n",
        "  c=K_NN(DS1_test_knn[j:j+1,:-1],DS1_train_knn,k)\n",
        "  if c==DS1_test_knn_class[j]==1:\n",
        "    metric_pos_test['TP']+=1\n",
        "  elif c!=DS1_test_knn_class[j]==1:\n",
        "    metric_pos_test['FN']+=1\n",
        "  elif DS1_test_knn_class[j]!=c==1:\n",
        "    metric_pos_test['FP']+=1\n",
        "  elif c==DS1_test_knn_class[j]!=1:\n",
        "    metric_pos_test['TN']+=1"
      ],
      "execution_count": null,
      "outputs": []
    },
    {
      "cell_type": "code",
      "metadata": {
        "id": "5GLNzD9pynI4"
      },
      "source": [
        "accuracy_test=(metric_pos_test['TP']+metric_pos_test['TN'])/(metric_pos_test['TP']+metric_pos_test['TN']+metric_pos_test['FP']+metric_pos_test['FN'])\n",
        "# precision_test=(metric_pos_test['TP'])/(metric_pos_test['TP']+metric_pos_test['FP'])\n",
        "# recall_test=(metric_pos_test['TP'])/(metric_pos_test['TP']+metric_pos_test['FN'])"
      ],
      "execution_count": null,
      "outputs": []
    },
    {
      "cell_type": "code",
      "metadata": {
        "colab": {
          "base_uri": "https://localhost:8080/"
        },
        "id": "Mx1e_5RwECrv",
        "outputId": "55417ceb-47bd-48ef-ab3f-7a962d712f43"
      },
      "source": [
        "accuracy_test"
      ],
      "execution_count": null,
      "outputs": [
        {
          "output_type": "execute_result",
          "data": {
            "text/plain": [
              "0.57375"
            ]
          },
          "metadata": {},
          "execution_count": 189
        }
      ]
    },
    {
      "cell_type": "code",
      "metadata": {
        "colab": {
          "base_uri": "https://localhost:8080/"
        },
        "id": "YY4sMeokEFwV",
        "outputId": "aa4e8233-ab2a-465b-f0e9-991b638b1330"
      },
      "source": [
        "metric_pos_test"
      ],
      "execution_count": null,
      "outputs": [
        {
          "output_type": "execute_result",
          "data": {
            "text/plain": [
              "{'FN': 163, 'FP': 178, 'TN': 222, 'TP': 237}"
            ]
          },
          "metadata": {},
          "execution_count": 190
        }
      ]
    },
    {
      "cell_type": "markdown",
      "metadata": {
        "id": "7B_bSmHBLyDA"
      },
      "source": [
        "#1.4"
      ]
    },
    {
      "cell_type": "code",
      "metadata": {
        "id": "4N9ebGD5LcZd"
      },
      "source": [
        "DS2_cov1=pd.read_csv('/content/drive/MyDrive/Automn 2021/Machin Learning/Assignment2/hwk2_datasets (1)/DS2_Cov1.txt',delimiter = \",\", header=None)\n",
        "DS2_cov2=pd.read_csv('/content/drive/MyDrive/Automn 2021/Machin Learning/Assignment2/hwk2_datasets (1)/DS2_Cov2.txt',delimiter = \",\", header=None)\n",
        "DS2_cov3=pd.read_csv('/content/drive/MyDrive/Automn 2021/Machin Learning/Assignment2/hwk2_datasets (1)/DS2_Cov3.txt',delimiter = \",\", header=None)\n",
        "DS2_c1_m1=pd.read_csv('/content/drive/MyDrive/Automn 2021/Machin Learning/Assignment2/hwk2_datasets (1)/DS2_c1_m1.txt',delimiter = \",\", header=None)\n",
        "DS2_c1_m2=pd.read_csv('/content/drive/MyDrive/Automn 2021/Machin Learning/Assignment2/hwk2_datasets (1)/DS2_c1_m2.txt',delimiter = \",\", header=None)\n",
        "DS2_c1_m3=pd.read_csv('/content/drive/MyDrive/Automn 2021/Machin Learning/Assignment2/hwk2_datasets (1)/DS2_c1_m3.txt',delimiter = \",\", header=None)\n",
        "DS2_c2_m1=pd.read_csv('/content/drive/MyDrive/Automn 2021/Machin Learning/Assignment2/hwk2_datasets (1)/DS2_c2_m1.txt',delimiter = \",\", header=None)\n",
        "DS2_c2_m2=pd.read_csv('/content/drive/MyDrive/Automn 2021/Machin Learning/Assignment2/hwk2_datasets (1)/DS2_c2_m2.txt',delimiter = \",\", header=None)\n",
        "DS2_c2_m3=pd.read_csv('/content/drive/MyDrive/Automn 2021/Machin Learning/Assignment2/hwk2_datasets (1)/DS2_c2_m3.txt',delimiter = \",\", header=None)\n",
        "#because of an extra \",\" at the end of each row there is NaN column at the parameters df\n",
        "DS2_cov1=DS2_cov1.drop([20], axis=1)\n",
        "DS2_cov2=DS2_cov2.drop([20], axis=1)\n",
        "DS2_cov3=DS2_cov3.drop([20], axis=1)\n",
        "\n",
        "DS2_c1_m1=DS2_c1_m1.drop([20], axis=1)\n",
        "DS2_c1_m2=DS2_c1_m2.drop([20], axis=1)\n",
        "DS2_c1_m3=DS2_c1_m3.drop([20], axis=1)\n",
        "DS2_c2_m1=DS2_c2_m1.drop([20], axis=1)\n",
        "DS2_c2_m2=DS2_c2_m2.drop([20], axis=1)\n",
        "DS2_c2_m3=DS2_c2_m3.drop([20], axis=1)\n",
        "\n",
        "DS2_c1_m1=np.transpose((DS2_c1_m1.to_numpy())[0])\n",
        "DS2_c1_m2=np.transpose((DS2_c1_m2.to_numpy())[0])\n",
        "DS2_c1_m3=np.transpose((DS2_c1_m3.to_numpy())[0])\n",
        "DS2_c2_m1=np.transpose((DS2_c2_m1.to_numpy())[0])\n",
        "DS2_c2_m2=np.transpose((DS2_c2_m2.to_numpy())[0])\n",
        "DS2_c2_m3=np.transpose((DS2_c2_m3.to_numpy())[0])\n",
        "\n"
      ],
      "execution_count": null,
      "outputs": []
    },
    {
      "cell_type": "code",
      "metadata": {
        "id": "qFC6DGbqNt0h"
      },
      "source": [
        "n=2000\n",
        "np.random.seed(0)\n",
        "\n",
        "DS2__c1_cov1_m1=np.concatenate((np.round(np.random.multivariate_normal(DS2_c1_m1,DS2_cov1,int(n*0.1)),2),np.ones((int(n*0.1),1), dtype=int)), axis=1)\n",
        "DS2__c1_cov2_m2=np.concatenate((np.round(np.random.multivariate_normal(DS2_c1_m2,DS2_cov2,int(n*0.42)),2),np.ones((int(n*0.42),1), dtype=int)), axis=1)\n",
        "DS2__c1_cov3_m3=np.concatenate((np.round(np.random.multivariate_normal(DS2_c1_m3,DS2_cov3,int(n*0.48)),2),np.ones((int(n*0.48),1), dtype=int)), axis=1)\n",
        "\n",
        "DS2__c2_cov1_m1=np.concatenate((np.round(np.random.multivariate_normal(DS2_c2_m1,DS2_cov1,int(n*0.1)),2),np.zeros((int(n*0.1),1), dtype=int)), axis=1)\n",
        "DS2__c2_cov2_m2=np.concatenate((np.round(np.random.multivariate_normal(DS2_c2_m2,DS2_cov2,int(n*0.42)),2),np.zeros((int(n*0.42),1), dtype=int)), axis=1)\n",
        "DS2__c2_cov3_m3=np.concatenate((np.round(np.random.multivariate_normal(DS2_c2_m3,DS2_cov3,int(n*0.48)),2),np.zeros((int(n*0.48),1), dtype=int)), axis=1)\n",
        "\n",
        "DS2__c2_cov1_m1[:,-1:]=-1\n",
        "DS2__c2_cov2_m2[:,-1:]=-1\n",
        "DS2__c2_cov3_m3[:,-1:]=-1"
      ],
      "execution_count": null,
      "outputs": []
    },
    {
      "cell_type": "code",
      "metadata": {
        "id": "YDJNY7FqUdNC"
      },
      "source": [
        "DS2_c1=np.concatenate((DS2__c1_cov1_m1,DS2__c1_cov2_m2,DS2__c1_cov3_m3), axis=0)\n",
